%YAML:1.0
---
image_width: 1224
image_height: 1024
camera_name: leftCamera
camera_matrix: !!opencv-matrix
   rows: 3
   cols: 3
   dt: d
   data: [ 1.1646068743790038e+03, 0., 6.2035152323115187e+02, 0.,
       1.1647670632820216e+03, 4.9841880872767086e+02, 0., 0., 1. ]
distortion_model: plumb_bob
distortion_coefficients: !!opencv-matrix
   rows: 1
   cols: 5
   dt: d
   data: [ -7.6904496437926698e-02, 3.3223206143628045e-02,
       1.3200973261766589e-03, -1.4589031826918967e-03,
       1.8700489195682482e-01 ]
rectification_matrix: !!opencv-matrix
   rows: 3
   cols: 3
   dt: d
   data: [ 9.9181034380017286e-01, -2.6786497898300013e-03,
       1.2769129479446270e-01, 2.2777358906766478e-03,
       9.9999200824498669e-01, 3.2856301330050153e-03,
       -1.2769907536938260e-01, -2.9678749067355917e-03,
       9.9180851875165021e-01 ]
projection_matrix: !!opencv-matrix
   rows: 3
   cols: 4
   dt: d
   data: [ 1.1666816424060949e+03, 0., 4.2529833984375000e+02,
       0., 0., 1.1666816424060949e+03, 5.0143211746215820e+02,
       0., 0., 0., 
       1., 0. ]
