%YAML:1.0
---
image_width: 1224
image_height: 1024
camera_name: rightCamera
camera_matrix: !!opencv-matrix
   rows: 3
   cols: 3
   dt: d
   data: [ 1.1681728421730941e+03, 0., 6.2450876460625068e+02, 0.,
       1.1685962215301684e+03, 5.0254079986610350e+02, 0., 0., 1. ]
distortion_model: plumb_bob
distortion_coefficients: !!opencv-matrix
   rows: 1
   cols: 5
   dt: d
   data: [ -8.6963587068563483e-02, 1.1046402930594156e-01,
       6.4292710412156560e-04, 2.1096557352596676e-04,
       -2.5950107046667833e-02 ]
rectification_matrix: !!opencv-matrix
   rows: 3
   cols: 3
   dt: d
   data: [ 9.8502854941648799e-01, -3.2308686183676336e-03,
       -1.7236101160767273e-01, 2.6994542614083008e-03,
       9.9999085368436325e-01, -3.3174529852134900e-03,
       1.7237015339419992e-01, 2.8025052344972635e-03,
       9.8502826161652357e-01 ]
projection_matrix: !!opencv-matrix
   rows: 3
   cols: 4
   dt: d
   data: [ 1.1666816424060949e+03, 0., 8.9049157714843750e+02,
       -3.3011309378849484e+02, 0., 1.1666816424060949e+03,
       5.0143211746215820e+02, 0., 0., 0., 1., 0. ]
